Generation  0
00000000000000000000000000000000000000
00000000000000000000000001000000000000
00000000000000000000000101000000000000
00000000000001100000011000000000000110
00000000000010001000011000000000000110
01100000000100000100011000000000000000
01100000000100010110000101000000000000
00000000000100000100000001000000000000
00000000000010001000000000000000000000
00000000000001100000000000000000000000
00000000000000000000000000000000000000
Generation  1
00000000000000000000000000000000000000
00000000000000000000000010000000000000
00000000000000000000001010000000000000
00000000000001000000010100000000000110
00000000000011000000100100000000000110
01100000000110000110010100000000000000
01100000001110000110001010000000000000
00000000000110000110000010000000000000
00000000000011000000000000000000000000
00000000000001000000000000000000000000
00000000000000000000000000000000000000
Generation  2
00000000000000000000000000000000000000
00000000000000000000000100000000000000
00000000000000000000001010000000000000
00000000000011000000010110000000000110
00000000000101000000110110000000000110
01100000001000000111010110000000000000
01100000001001001001001010000000000000
00000000001000000110000100000000000000
00000000000101000000000000000000000000
00000000000011000000000000000000000000
00000000000000000000000000000000000000
Generation  3
00000000000000000000000000000000000000
00000000000000000000000100000000000000
00000000000000000000001010000000000000
00000000000011000000110001000000000110
00000000000101000011010001000000000110
01100000001110000111010001000000000000
01100000011100001001101010000000000000
00000000001110000110000100000000000000
00000000000101000000000000000000000000
00000000000011000000000000000000000000
00000000000000000000000000000000000000
Generation  4
00000000000000000000000000000000000000
00000000000000000000000100000000000000
00000000000000000000011110000000000000
00000000000011000001111011000000000110
00000000001001000100011011100000000110
01100000010000000100011011000000000000
01100000010000001000111110000000000000
00000000010000000111000100000000000000
00000000001001000000000000000000000000
00000000000011000000000000000000000000
00000000000000000000000000000000000000
Generation  5
00000000000000000000000000000000000000
00000000000000000000000110000000000000
00000000000000000000000001000000000000
00000000000011000000000000100000000110
00000000000011000010000000100000000110
01100000011000001100000000100000000000
01100000111000001001100001000000000000
00000000011000000111110110000000000000
00000000000011000010000000000000000000
00000000000011000000000000000000000000
00000000000000000000000000000000000000
Generation  6
00000000000000000000000000000000000000
00000000000000000000000010000000000000
00000000000000000000000011000000000000
00000000000011000000000001100000000110
00000000000111000100000001110000000110
01100000101100001111000001100000000000
01100000100100001000010011000000000000
00000000101100000100010010000000000000
00000000000111000110100000000000000000
00000000000011000000000000000000000000
00000000000000000000000000000000000000
Generation  7
00000000000000000000000000000000000000
00000000000000000000000011000000000000
00000000000000000000000010100000000000
00000000000101000000000000010000000110
00000000001001001100000010010000000110
01100000011000001010000000010000000000
01100001100010001000100010100000000000
00000000011000001110110011000000000000
00000000001001000110000000000000000000
00000000000101000000000000000000000000
00000000000000000000000000000000000000
Generation  8
00000000000000000000000000000000000000
00000000000000000000000011000000000000
00000000000000000000000010100000000000
00000000000010000000000001110000000110
00000000011110001100000000111000000110
01100000111100011000000001110000000000
01100000100100011010110010100000000000
00000000111100001010110011000000000000
00000000011110001011000000000000000000
00000000000010000000000000000000000000
00000000000000000000000000000000000000
Generation  9
00000000000000000000000000000000000000
00000000000000000000000011000000000000
00000000000000000000000010010000000000
00000000001010000000000000001000000110
00000000100010011100000000001000000110
01100000100000000000000000001000000000
01100001000010000000110010010000000000
00000000100000001010010011000000000000
00000000100010000011100000000000000000
00000000001010000000000000000000000000
00000000000000000000000000000000000000
Generation  10
00000000000000000000000000000000000000
00000000000000000000000011000000000000
00000000000000000000000011000000000000
00000000000100001000000000011000000110
00000000010100001000000000011100000110
01100001100000001000000000011000000000
01100001100000000000110011000000000000
00000001100000000110010011000000000000
00000000010100000111100000000000000000
00000000000100000001000000000000000000
00000000000000000000000000000000000000
Generation  11
00000000000000000000000000000000000000
00000000000000000000000011000000000000
00000000000000000000000011100000000000
00000000001000000000000000110100000110
00000000101000011100000000100100000110
01100001010000000000000000110100000000
01100010010000000100110011100000000000
00000001010000000100010011000000000000
00000000101000000100100000000000000000
00000000001000000001100000000000000000
00000000000000000000000000000000000000
Generation  12
00000000000000000000000000000000000000
00000000000000000000000010100000000000
00000000000000000000000010010000000000
00000000010000001000000000011000000110
00000000101000001000000001000110000110
01100001011000000100000000011000000000
01100011011000000000110010010000000000
00000001011000001110010010100000000000
00000000101000000011110000000000000000
00000000010000000001100000000000000000
00000000000000000000000000000000000000
Generation  13
00000000000000000000000000000000000000
00000000000000000000000001000000000000
00000000000000000000000001111000000000
00000000010000000000000000111100000110
00000000101000001100000000100100000110
01100011000100000000000000111100000000
01100011000100001010110001111000000000
00000011000100000110001001000000000000
00000000101000000000010000000000000000
00000000010000000010010000000000000000
00000000000000000000000000000000000000
Generation  14
00000000000000000000000000000000000000
00000000000000000000000001010000000000
00000000000000000000000001000100000000
00000000010000000000000000000100000110
00000001111000000000000001000010000110
01100010101100001000000000000100000000
01100100101110000011010001000100000000
00000010101100000111101001010000000000
00000001111000000110011000000000000000
00000000010000000000000000000000000000
00000000000000000000000000000000000000
Generation  15
00000000000000000000000000000000000000
00000000000000000000000000100000000000
00000000000000000000000000101000000000
00000000011000000000000000000110000110
00000001000100000000000000000110000110
01100010000010000000000000000110000000
01100110100010000000010000101000000000
00000010000010000000001000100000000000
00000001000100000100111000000000000000
00000000011000000000000000000000000000
00000000000000000000000000000000000000
Generation  16
00000000000000000000000000000000000000
00000000000000000000000000010000000000
00000000000000000000000000010100000000
00000000001000000000000000001010000110
00000000001100000000000000001001000110
01100110000110000000000000001010000000
01100110000111000000000000010100000000
00000110000110000000101000010000000000
00000000001100000000011000000000000000
00000000001000000000010000000000000000
00000000000000000000000000000000000000
Generation  17
00000000000000000000000000000000000000
00000000000000000000000000001000000000
00000000000000000000000000010100000000
00000000001100000000000000011010000110
00000000001010000000000000011011000110
01100110000001000000000000011010000000
01101001001001000000000000010100000000
00000110000001000000001000001000000000
00000000001010000000101000000000000000
00000000001100000000011000000000000000
00000000000000000000000000000000000000
Generation  18
00000000000000000000000000000000000000
00000000000000000000000000001000000000
00000000000000000000000000010100000000
00000000001100000000000000100011000110
00000000001010000000000000100011000110
01110110000111000000000000100011000000
01111001000011100000000000010100000000
00000110000111000000010000001000000000
00000000001010000000001100000000000000
00000000001100000000011000000000000000
00000000000000000000000000000000000000
Generation  19
00000000000000000000000000000000000000
00000000000000000000000000001000000000
00000000000000000000000000011110000000
00000000001100000000000000110101000110
00100000001001000000000001110100100110
01000110000000100000000000110101000000
01000001000000100000000000011110000000
00111110000000100000001000001000000000
00000000001001000000000100000000000000
00000000001100000000011100000000000000
00000000000000000000000000000000000000
Generation  20
00000000000000000000000000000000000000
00000000000000000000000000011000000000
00000000000000000000000000100010000000
00000000001100000000000001000001000110
00000000001100000000000001000101100110
01100010000001100000000001000001000000
01010001000001110000000000100010000000
00111110000001100000000000011000000000
00011100001100000000010100000000000000
00000000001100000000001100000000000000
00000000000000000000001000000000000000
Generation  21
00000000000000000000000000000000000000
00000000000000000000000000010000000000
00000000000000000000000000110000000000
00000000001100000000000001100001100110
00000000001110000000000011100001100110
01100000000011010000000001100001100000
01000001000010010000000000110000000000
00000010000011010000000000010000000000
00100010001110000000000100000000000000
00001000001100000000010100000000000000
00000000000000000000001100000000000000
Generation  22
00000000000000000000000000000000000000
00000000000000000000000000110000000000
00000000000000000000000001010000000000
00000000001010000000000010000001100110
00000000001001000000000010010010010110
01100000000001100000000010000001100000
01100000000100011000000001010000000000
00000011000001100000000000110000000000
00000100001001000000001000000000000000
00000000001010000000000110000000000000
00000000000000000000001100000000000000
Generation  23
00000000000000000000000000000000000000
00000000000000000000000000110000000000
00000000000000000000000001010000000000
00000000000100000000000011100001101110
00000000000111100000000111000010011110
01100000000011110000000011100001100000
01100000000010010000000001010000000000
00000010000011110000000000110000000000
00000010000111100000000100000000000000
00000000000100000000000010000000000000
00000000000000000000001110000000000000
Generation  24
00000000000000000000000000000000000000
00000000000000000000000000110000000000
00000000000000000000000010010000000100
00000000000101000000000100000001100010
00000000000100010000000100000010000010
01100000000000010000000100000001111100
01100000000100001000000010010000000000
00000000000000010000000000110000000000
00000000000100010000000000000000000000
00000000000101000000001010000000000000
00000000000000000000000110000000000000
Generation  25
00000000000000000000000000000000000000
00000000000000000000000000110000000000
00000000000000000000000000110000000000
00000000000010000000000110000001000110
00000000000010100000001110000010001010
01100000000000011000000110000001111100
01100000000000011000000000110000111000
00000000000000011000000000110000000000
00000000000010100000000000000000000000
00000000000010000000000010000000000000
00000000000000000000000110000000000000
Generation  26
00000000000000000000000000000000000000
00000000000000000000000000110000000000
00000000000000000000000001110000000000
00000000000001000000001011000000000110
00000000000001010000001001000010000010
01100000000000101000001011000001000000
01100000000000100100000001110001000100
00000000000000101000000000110000010000
00000000000001010000000000000000000000
00000000000001000000000110000000000000
00000000000000000000000110000000000000
Generation  27
00000000000000000000000000000000000000
00000000000000000000000001010000000000
00000000000000000000000010010000000000
00000000000000100000000110000000000110
00000000000001010000011000100000000110
01100000000001101000000110000011000000
01100000000001101100000010010000100000
00000000000001101000000001010000000000
00000000000001010000000000000000000000
00000000000000100000000110000000000000
00000000000000000000000110000000000000
Generation  28
00000000000000000000000000000000000000
00000000000000000000000000100000000000
00000000000000000000000111100000000000
00000000000000100000001111000000000110
00000000000001010000001001000000000110
01100000000010001100001111000001000000
01100000000010001100000111100001000000
00000000000010001100000000100000000000
00000000000001010000000010000000000000
00000000000000100000000110000000000000
00000000000000000000000110000000000000
Generation  29
00000000000000000000000000000000000000
00000000000000000000000010100000000000
00000000000000000000001000100000000000
00000000000000100000001000000000000110
00000000000001111000010000100000000110
01100000000011010100001000000000000000
01100000000111010010001000100000000000
00000000000011010100000100100000000000
00000000000001111000000111000000000000
00000000000000100000000001000000000000
00000000000000000000000110000000000000
Generation  30
00000000000000000000000000000000000000
00000000000000000000000001000000000000
00000000000000000000000101000000000000
00000000000001100000011000000000000110
00000000000010001000011000000000000110
01100000000100000100011000000000000000
01100000000100010110001100000000000000
00000000000100000100001100100000000000
00000000000010001000000101100000000000
00000000000001100000000001000000000000
00000000000000000000000010000000000000
Generation  31
00000000000000000000000000000000000000
00000000000000000000000010000000000000
00000000000000000000001010000000000000
00000000000001000000010100000000000110
00000000000011000000100100000000000110
01100000000110000110000000000000000000
01100000001110000110000000000000000000
00000000000110000110000001100000000000
00000000000011000000001101100000000000
00000000000001000000000001100000000000
00000000000000000000000000000000000000
Generation  32
00000000000000000000000000000000000000
00000000000000000000000100000000000000
00000000000000000000001010000000000000
00000000000011000000010110000000000110
00000000000101000000001000000000000110
01100000001000000111000000000000000000
01100000001001001001000000000000000000
00000000001000000110000011100000000000
00000000000101000000000000010000000000
00000000000011000000000011100000000000
00000000000000000000000000000000000000
Generation  33
00000000000000000000000000000000000000
00000000000000000000000100000000000000
00000000000000000000001010000000000000
00000000000011000000010010000000000110
00000000000101000010001100000000000110
01100000001110000111000000000000000000
01100000011100001001000001000000000000
00000000001110000110000001100000000000
00000000000101000000000000010000000000
00000000000011000000000001100000000000
00000000000000000000000001000000000000
Generation  34
00000000000000000000000000000000000000
00000000000000000000000100000000000000
00000000000000000000001010000000000000
00000000000011000000010010000000000110
00000000001001000111001100000000000110
01100000010000000101000000000000000000
01100000010000001001000001100000000000
00000000010000000110000001100000000000
00000000001001000000000000010000000000
00000000000011000000000001100000000000
00000000000000000000000001100000000000
Generation  35
00000000000000000000000000000000000000
00000000000000000000000100000000000000
00000000000000000000001010000000000000
00000000000011000010010010000000000110
00000000000011000101101100000000000110
01100000011000001101100000000000000000
01100000111000001001000001100000000000
00000000011000000110000001010000000000
00000000000011000000000000010000000000
00000000000011000000000001010000000000
00000000000000000000000001100000000000
